Date,Bengali,Bhojpuri,Gujarati,Hindi,Kannada,Malayalam,Marathi,Tamil,Telugu,All_Other
1931,4,0,0,23,0,0,0,1,0,0
1932,5,0,2,61,0,0,8,4,3,1
1933,9,0,0,75,0,0,6,7,5,1
1934,10,0,1,121,2,0,11,14,3,2
1935,19,0,1,154,1,0,9,38,7,4
1936,20,0,3,135,0,0,6,38,12,3
1937,16,0,0,102,0,0,11,37,10,0
1938,19,0,0,88,0,1,14,39,10,1
1939,16,0,1,80,0,0,12,35,12,8
1940,16,0,1,85,0,1,10,36,14,7
1941,19,0,0,73,2,1,13,32,15,11
1942,18,0,0,98,2,0,13,23,12,7
1943,21,0,0,106,4,0,7,13,6,4
1944,14,0,0,85,0,0,5,14,6,3
1945,9,0,0,73,1,0,0,11,5,0
1946,15,0,1,155,0,0,2,16,9,1
1947,33,0,11,183,5,0,6,29,6,7
1948,37,0,27,147,2,1,7,32,7,3
1949,62,0,17,159,6,1,15,21,7,3
1950,42,0,13,114,1,6,19,19,18,9
1951,39,0,6,99,2,6,16,26,21,6
1952,43,0,2,102,1,11,17,32,25,0
1953,50,0,0,97,7,7,21,42,29,7
1954,48,0,0,118,11,9,18,38,28,8
1955,52,0,3,125,15,7,13,46,24,3
1956,54,0,3,122,14,5,13,51,27,6
1957,55,0,0,115,14,7,14,45,36,7
1958,45,0,1,114,11,4,16,61,36,6
1959,38,0,0,115,5,3,9,78,47,9
1960,36,0,2,118,12,6,15,64,54,11
1961,35,0,7,104,12,11,15,49,55,9
1962,42,1,5,90,16,15,22,60,48,16
1963,39,2,6,88,22,13,15,55,46,14
1964,38,7,2,101,18,19,16,44,41,19
1965,29,5,5,98,21,31,14,56,50,14
1966,30,2,2,100,21,32,12,61,41,11
1967,25,0,3,82,24,40,19,63,62,9
1968,29,1,3,72,36,36,17,68,77,8
1969,29,0,6,103,45,32,16,72,60,16
1970,36,0,5,102,37,43,19,75,72,8
1971,30,1,2,115,33,53,23,74,85,15
1972,25,0,4,131,20,47,12,77,73,21
1973,35,0,5,137,32,60,14,66,74,24
1974,35,0,7,132,30,54,11,79,69,15
1975,35,0,12,119,38,77,17,70,88,15
1976,32,0,29,106,45,84,10,81,93,27
1977,29,2,30,134,49,91,19,66,99,36
1978,37,1,32,116,54,123,15,105,94,35
1979,37,2,38,113,59,130,19,139,131,39
1980,37,3,34,143,68,99,28,144,152,31
1981,42,5,34,148,65,113,27,138,134,31
1982,49,3,39,145,50,118,24,140,155,38
1983,47,11,27,133,71,111,20,127,134,51
1984,34,9,30,163,80,121,25,148,171,48
1985,28,6,22,185,69,136,16,190,198,55
1986,47,19,13,159,59,130,17,154,192,50
1987,35,14,11,150,88,103,27,167,163,48
1988,37,8,6,182,67,83,23,152,162,53
1989,50,10,9,176,75,96,30,148,152,34
1990,50,5,14,200,81,126,25,194,204,49
1991,51,8,16,215,92,94,29,186,174,41
1992,42,8,5,189,92,90,25,180,153,53
1993,57,2,3,183,78,71,35,168,148,67
1994,44,4,6,155,70,70,22,153,174,57
1995,26,6,9,157,89,83,22,165,168,68
1996,37,6,5,126,85,65,11,138,154,56
1997,37,6,5,126,85,65,11,138,154,56
1998,48,6,15,153,72,69,18,133,124,55
1999,48,6,15,153,72,69,18,133,124,55
2000,48,6,15,153,72,69,18,133,124,55
2001,43,2,29,243,76,87,23,157,143,52
2002,42,7,13,196,97,84,14,160,150,67
2003,49,10,14,222,109,64,25,151,155,78
2004,49,10,14,222,109,64,25,151,155,78
2005,40,39,16,245,81,67,57,136,268,92
2006,42,76,16,223,75,77,73,162,245,102
2007,44,76,33,257,111,85,97,149,241,53
2008,66,68,49,248,162,88,116,175,286,67
2009,84,64,62,235,177,94,99,190,218,65
2010,110,67,62,215,143,105,116,202,181,73
2011,122,74,59,206,138,95,107,185,192,77
2012,123,87,72,221,128,185,123,262,256,145
2013,127,99,67,255,133,195,121,292,280,155
2014,124,93,53,263,164,201,160,326,349,233
2015,154,96,38,297,159,195,127,297,284,180
2016,149,67,45,340,204,168,180,291,275,183
2017,163,102,73,364,220,156,117,304,294,193
2018,133,92,78,305,264,173,124,189,242,213
2019,193,101,80,495,336,219,164,254,281,323