Year,World output (billion of euros 2012) (PPP) ,Western Europe,Eastern Europe,Russia (+Ukraine/ Belarus/ Moldavia),North America,Latin America,Northern Africa,Sub-Saharan Africa,China,India,Japan,Australia/NZ,Middle East (incl. Turkey),Central Asia,Other Asian countries
0,142,20,3,2,0,3,6,5,36,44,2,0,16,0,5
1000,163,15,4,3,1,6,7,12,37,44,4,0,20,1,9
1500,331,62,10,10,1,9,5,21,82,79,11,0,17,2,22
1700,495,113,17,18,1,8,5,30,110,118,21,0,20,3,30
1820,930,222,38,43,17,19,7,36,305,145,29,0,24,7,39
1870,1496,511,76,95,134,35,13,48,253,175,35,8,36,16,56
1913,3678,1259,205,264,726,156,30,78,322,266,99,35,65,45,130
1950,7134,1948,281,580,2048,536,66,209,327,289,222,89,169,98,271
1970,18144,5013,708,1457,4395,1471,168,495,601,514,1400,212,659,348,703
1990,34052,8343,1073,2072,8413,2896,430,797,1206,1020,3172,393,1449,512,2276
2012,71170,12692,2012,3083,14257,6294,980,1839,10386,4027,3793,807,4021,504,6476
