Films,Urdu,Punjabi,Pashto,Other
1948,1,0,0,0
1949,4,2,0,0
1950,10,3,0,0
1951,7,3,0,0
1952,6,1,0,0
1953,9,1,0,0
1954,7,0,0,0
1955,15,4,0,0
1956,23,7,0,2
1957,21,6,0,0
1958,23,7,0,3
1959,25,10,0,3
1960,34,4,0,2
1961,30,4,0,4
1962,30,4,0,3
1963,38,6,0,4
1964,51,14,0,8
1965,37,14,0,7
1966,51,21,0,17
1967,45,21,0,18
1968,64,35,0,30
1969,50,39,0,29
1970,43,42,1,45
1971,33,39,5,8
1972,38,49,6,3
1973,38,45,7,4
1974,49,53,7,6
1975,46,52,6,7
1976,46,55,4,4
1977,40,32,7,2
1978,50,40,9,1
1979,40,46,8,4
1980,27,22,11,1
1981,25,44,17,1
1982,27,25,15,1
1983,16,39,25,1
1984,21,42,16,3
1985,19,38,30,6
1986,27,47,27,4
1987,26,31,20,2
1988,21,32,27,6
1989,16,40,29,16
1990,9,39,24,13
1991,2,30,26,34
1992,11,29,20,31
1993,12,14,23,39
1994,13,15,21,27
1995,16,18,20,10
1996,28,13,28,2
1997,32,9,19,4
1998,28,6,16,1
1999,24,10,14,1
2000,23,18,16,1
2001,21,26,12,0
2002,17,28,18,0
2003,16,17,15,0
2004,9,20,25,0
2005,10,15,25,1
2006,12,13,23,0
2007,12,16,20,0
2008,8,13,14,0
2009,7,10,11,0
2010,2,10,10,0
2011,8,8,11,2
2012,0,8,15,0
2013,10,6,18,3
2014,10,10,10,1
2015,20,5,18,0
2016,31,10,9,0
2017,22,10,12,3
2018,23,7,10,1
2019,18,3,3,0
2020,0,1,0,0
2021,0,0,0,0
