Films,Total
1948,1
1949,6
1950,13
1951,10
1952,7
1953,10
1954,7
1955,19
1956,32
1957,27
1958,33
1959,38
1960,40
1961,38
1962,37
1963,48
1964,73
1965,58
1966,89
1967,84
1968,129
1969,118
1970,131
1971,85
1972,96
1973,94
1974,115
1975,111
1976,109
1977,81
1978,100
1979,98
1980,61
1981,87
1982,68
1983,81
1984,82
1985,93
1986,105
1987,79
1988,86
1989,101
1990,85
1991,92
1992,91
1993,88
1994,76
1995,64
1996,71
1997,64
1998,51
1999,49
2000,58
2001,59
2002,63
2003,48
2004,54
2005,51
2006,48
2007,48
2008,35
2009,28
2010,22
2011,29
2012,23
2013,37
2014,31
2015,43
2016,50
2017,47
2018,41
2019,24
2020,1
2021,0
